[gd_scene format=3 uid="uid://c8u3i55fmh6tf"]

[ext_resource type="PackedScene" uid="uid://d347mcddyn7pw" path="res://player.tscn" id="1_80nbo"]
[ext_resource type="Texture2D" uid="uid://dwohocnv6e0dn" path="res://kenney_retro-textures-1/PNG/floor_ground_grass.png" id="1_e2o6t"]
[ext_resource type="Script" uid="uid://b1crfnlovcbxy" path="res://arena_border.gd" id="1_vef74"]
[ext_resource type="Texture2D" uid="uid://cytb5eimrjc4b" path="res://kenney_retro-textures-1/PNG/roof_thatch_center.png" id="4_7jktm"]
[ext_resource type="Texture2D" uid="uid://ggja41q8gx4b" path="res://kenney_retro-textures-1/PNG/wall_wood_trimsheet.png" id="4_fc0e3"]
[ext_resource type="Texture2D" uid="uid://bkj3rtpvay7tw" path="res://kenney_retro-textures-1/PNG/door_wood_handle.png" id="5_eow3j"]
[ext_resource type="Texture2D" uid="uid://d1b2712gmnbf5" path="res://kenney_retro-textures-1/PNG/wall_brick_small_stone.png" id="6_j5wjh"]
[ext_resource type="Texture2D" uid="uid://cd0md0wllemxc" path="res://kenney_retro-textures-1/PNG/roof_clay_red_bottom.png" id="7_vef74"]
[ext_resource type="Texture2D" uid="uid://df7yscvfltpd" path="res://kenney_retro-textures-1/PNG/timber_square_planks.png" id="8_j5wjh"]

[sub_resource type="ProceduralSkyMaterial" id="ProceduralSkyMaterial_80nbo"]
sky_horizon_color = Color(0.66224277, 0.6717428, 0.6867428, 1)
ground_horizon_color = Color(0.66224277, 0.6717428, 0.6867428, 1)

[sub_resource type="Sky" id="Sky_e2o6t"]
sky_material = SubResource("ProceduralSkyMaterial_80nbo")

[sub_resource type="Environment" id="Environment_feb5d"]
background_mode = 2
sky = SubResource("Sky_e2o6t")
tonemap_mode = 2
glow_enabled = true

[sub_resource type="CylinderShape3D" id="CylinderShape3D_j5wjh"]
height = 13.200928
radius = 104.55762

[sub_resource type="StandardMaterial3D" id="StandardMaterial3D_feb5d"]
albedo_texture = ExtResource("1_e2o6t")
uv1_scale = Vector3(0.5, 0.5, 0.5)
uv1_triplanar = true

[sub_resource type="StandardMaterial3D" id="StandardMaterial3D_7jktm"]
albedo_texture = ExtResource("4_fc0e3")
uv1_scale = Vector3(1, 20, 1)

[sub_resource type="StandardMaterial3D" id="StandardMaterial3D_ryrav"]
albedo_texture = ExtResource("4_7jktm")

[sub_resource type="StandardMaterial3D" id="StandardMaterial3D_hve3p"]
albedo_texture = ExtResource("5_eow3j")

[sub_resource type="StandardMaterial3D" id="StandardMaterial3D_mfdv2"]
albedo_texture = ExtResource("6_j5wjh")
uv1_scale = Vector3(2, 1, 1)

[sub_resource type="StandardMaterial3D" id="StandardMaterial3D_iotsf"]
albedo_texture = ExtResource("7_vef74")
uv1_scale = Vector3(5, 1, 1)

[sub_resource type="StandardMaterial3D" id="StandardMaterial3D_lc2xo"]
albedo_texture = ExtResource("7_vef74")
uv1_scale = Vector3(5, 1, 1)

[sub_resource type="StandardMaterial3D" id="StandardMaterial3D_vef74"]
albedo_texture = ExtResource("8_j5wjh")

[node name="game" type="Node3D" unique_id=1598290581]

[node name="WorldEnvironment" type="WorldEnvironment" parent="." unique_id=1108251820]
environment = SubResource("Environment_feb5d")

[node name="DirectionalLight3D" type="DirectionalLight3D" parent="." unique_id=1196512679]
transform = Transform3D(-0.8660254, -0.43301278, 0.24999999, -0.30456764, 0.8533846, 0.42305243, -0.39653322, 0.29023218, -0.87093437, 2.4805756, 23.426208, -110.01389)
shadow_enabled = true

[node name="Arena Border" type="Area3D" parent="." unique_id=1633993916]
collision_layer = 8
script = ExtResource("1_vef74")

[node name="CollisionShape3D" type="CollisionShape3D" parent="Arena Border" unique_id=153717735]
transform = Transform3D(1, 0, 0, 0, 1, 0, 0, 0, 1, 0, 7.743953, 0)
shape = SubResource("CylinderShape3D_j5wjh")

[node name="OutOfBoundsTimer" type="Timer" parent="Arena Border" unique_id=2049676374]
wait_time = 2.5
one_shot = true

[node name="Floor" type="CSGCylinder3D" parent="." unique_id=1607493488]
transform = Transform3D(1, 0, 0, 0, 1, 0, 0, 0, 1, -0.004088402, 0.6088867, -0.005428314)
use_collision = true
radius = 534.4966
height = 0.78222656
sides = 16
material = SubResource("StandardMaterial3D_feb5d")

[node name="GridContainer" type="GridContainer" parent="." unique_id=1432845785]
anchors_preset = 15
anchor_right = 1.0
anchor_bottom = 1.0
grow_horizontal = 2
grow_vertical = 2
columns = 2

[node name="SubViewportContainer" type="SubViewportContainer" parent="GridContainer" unique_id=2127805082]
layout_mode = 2
size_flags_horizontal = 3
size_flags_vertical = 3
stretch = true

[node name="SubViewport" type="SubViewport" parent="GridContainer/SubViewportContainer" unique_id=814369694]
handle_input_locally = false
size = Vector2i(574, 648)
render_target_update_mode = 4

[node name="Player1" parent="GridContainer/SubViewportContainer/SubViewport" unique_id=2016653566 groups=["players"] instance=ExtResource("1_80nbo")]
transform = Transform3D(1, 0, 0, 0, 1, 0, 0, 0, 1, -2.1272802, 2.7532332, 0)
player_id = 1

[node name="SubViewportContainer2" type="SubViewportContainer" parent="GridContainer" unique_id=1435273553]
layout_mode = 2
size_flags_horizontal = 3
size_flags_vertical = 3
stretch = true

[node name="SubViewport" type="SubViewport" parent="GridContainer/SubViewportContainer2" unique_id=562609146]
handle_input_locally = false
size = Vector2i(574, 648)
render_target_update_mode = 4

[node name="Player2" parent="GridContainer/SubViewportContainer2/SubViewport" unique_id=412152075 groups=["players"] instance=ExtResource("1_80nbo")]
transform = Transform3D(1, 0, 0, 0, 1, 0, 0, 0, 1, 3.7088344, 2.7809315, 0)
player_id = 2

[node name="Fences" type="CSGCombiner3D" parent="." unique_id=1269995977]
transform = Transform3D(6, 0, 0, 0, 6, 0, 0, 0, 6, 0, -3.121889, 0)

[node name="Fence" type="CSGBox3D" parent="Fences" unique_id=481955425]
transform = Transform3D(0.9803952, 0, -0.19704138, 0, 1, 0, 0.19704138, 0, 0.9803952, 17.279425, 0.78320694, 3.534226)
size = Vector3(0.091796875, 0.21569824, 6.8428283)
material = SubResource("StandardMaterial3D_7jktm")

[node name="Fence2" type="CSGBox3D" parent="Fences" unique_id=1659101311]
transform = Transform3D(0.98231006, 0, 0.18726128, 0, 1, 0, -0.18726128, 0, 0.98231006, 17.30586, 0.78320694, -3.2750163)
size = Vector3(0.091796875, 0.21569824, 7.2964416)
material = SubResource("StandardMaterial3D_7jktm")

[node name="Fence3" type="CSGBox3D" parent="Fences" unique_id=1416201878]
transform = Transform3D(0.83414584, 0, 0.551544, 0, 1, 0, -0.551544, 0, 0.83414584, 14.757823, 0.78320694, -9.669915)
size = Vector3(0.091796875, 0.21569824, 6.9039583)
material = SubResource("StandardMaterial3D_7jktm")

[node name="Fence4" type="CSGBox3D" parent="Fences" unique_id=1846584700]
transform = Transform3D(0.5672546, 0, 0.8235424, 0, 1, 0, -0.8235424, 0, 0.5672546, 10.004819, 0.78320694, -14.478463)
size = Vector3(0.091796875, 0.21569824, 6.913588)
material = SubResource("StandardMaterial3D_7jktm")

[node name="Fence5" type="CSGBox3D" parent="Fences" unique_id=1747891373]
transform = Transform3D(0.19781137, 0, 0.98024005, 0, 1, 0, -0.98024005, 0, 0.19781137, 3.6345148, 0.78320694, -17.155342)
size = Vector3(0.091796875, 0.21569824, 7.3319125)
material = SubResource("StandardMaterial3D_7jktm")

[node name="Fence6" type="CSGBox3D" parent="Fences" unique_id=84761789]
transform = Transform3D(-0.17574465, 0, 0.98443574, 0, 1, 0, -0.98443574, 0, -0.17574465, -3.188881, 0.78320694, -17.275162)
size = Vector3(0.091796875, 0.21569824, 6.801484)
material = SubResource("StandardMaterial3D_7jktm")

[node name="Fence7" type="CSGBox3D" parent="Fences" unique_id=1688153812]
transform = Transform3D(-0.53526664, 0, 0.84468305, 0, 1, 0, -0.84468305, 0, -0.53526664, -9.56468, 0.78320694, -14.733479)
size = Vector3(0.091796875, 0.21569824, 7.3885202)
material = SubResource("StandardMaterial3D_7jktm")

[node name="Fence8" type="CSGBox3D" parent="Fences" unique_id=924369208]
transform = Transform3D(-0.8257537, 0, 0.56403035, 0, 1, 0, -0.56403035, 0, -0.8257537, -14.522991, 0.78320694, -9.947894)
size = Vector3(0.091796875, 0.21569824, 7.1117973)
material = SubResource("StandardMaterial3D_7jktm")

[node name="Fence9" type="CSGBox3D" parent="Fences" unique_id=178356981]
transform = Transform3D(-0.9775629, 0, 0.21064222, 0, 1, 0, -0.21064222, 0, -0.9775629, -17.23965, 0.78320694, -3.5304158)
size = Vector3(0.091796875, 0.21569824, 7.2748833)
material = SubResource("StandardMaterial3D_7jktm")

[node name="Fence10" type="CSGBox3D" parent="Fences" unique_id=1892129662]
transform = Transform3D(-0.98196185, 0, -0.18907836, 0, 1, 0, 0.18907836, 0, -0.98196185, -17.35398, 0.78320694, 3.0232787)
size = Vector3(0.091796875, 0.21569824, 6.6052833)
material = SubResource("StandardMaterial3D_7jktm")

[node name="Fence11" type="CSGBox3D" parent="Fences" unique_id=1652876343]
transform = Transform3D(-0.8509852, 0, -0.5251895, 0, 1, 0, 0.5251895, 0, -0.8509852, -14.785954, 0.78320694, 9.365243)
size = Vector3(0.091796875, 0.21569824, 7.625076)
material = SubResource("StandardMaterial3D_7jktm")

[node name="Fence12" type="CSGBox3D" parent="Fences" unique_id=156150105]
transform = Transform3D(-0.5666938, 0, -0.8239284, 0, 1, 0, 0.8239284, 0, -0.5666938, -9.797495, 0.78320694, 14.616942)
size = Vector3(0.091796875, 0.21569824, 7.2149196)
material = SubResource("StandardMaterial3D_7jktm")

[node name="Fence13" type="CSGBox3D" parent="Fences" unique_id=1607893077]
transform = Transform3D(-0.20251378, 0, -0.97927934, 0, 1, 0, 0.97927934, 0, -0.20251378, -3.507241, 0.78320694, 17.272484)
size = Vector3(0.091796875, 0.21569824, 7.1528416)
material = SubResource("StandardMaterial3D_7jktm")

[node name="Fence14" type="CSGBox3D" parent="Fences" unique_id=229581641]
transform = Transform3D(0.20302662, 0, -0.97917354, 0, 1, 0, 0.97917354, 0, 0.20302662, 3.2633197, 0.78320694, 17.302507)
size = Vector3(0.091796875, 0.21569824, 6.7734423)
material = SubResource("StandardMaterial3D_7jktm")

[node name="Fence15" type="CSGBox3D" parent="Fences" unique_id=486242994]
transform = Transform3D(0.53420496, 0, -0.84535545, 0, 1, 0, 0.84535545, 0, 0.53420496, 9.386533, 0.78320694, 14.816805)
size = Vector3(0.091796875, 0.21569824, 6.793381)
material = SubResource("StandardMaterial3D_7jktm")

[node name="Fence16" type="CSGBox3D" parent="Fences" unique_id=2116651630]
transform = Transform3D(0.817105, 0, -0.5764896, 0, 1, 0, 0.5764896, 0, 0.817105, 14.421935, 0.78320694, 9.937025)
size = Vector3(0.091796875, 0.21569824, 7.651451)
material = SubResource("StandardMaterial3D_7jktm")

[node name="Stack of Haybales" type="CSGCombiner3D" parent="." unique_id=1169292599]
use_collision = true

[node name="Bayle1" type="CSGBox3D" parent="Stack of Haybales" unique_id=1830926862]
transform = Transform3D(1, 0, 0, 0, 1, 0, 0, 0, 1, -38.859287, 1.6643028, 67.21484)
size = Vector3(1.9623718, 1.4659729, 1.790226)
material = SubResource("StandardMaterial3D_ryrav")

[node name="Bayle2" type="CSGBox3D" parent="Stack of Haybales" unique_id=785386313]
transform = Transform3D(1, 0, 0, 0, 1, 0, 0, 0, 1, -39.63163, 3.0920038, 67.21484)
size = Vector3(1.6253586, 1.4659729, 1.790226)
material = SubResource("StandardMaterial3D_ryrav")

[node name="Bayle3" type="CSGBox3D" parent="Stack of Haybales" unique_id=1830269535]
transform = Transform3D(1, 0, 0, 0, 1, 0, 0, 0, 1, -40.279274, 1.6667442, 67.114204)
size = Vector3(1.9623718, 1.4708557, 1.790226)
material = SubResource("StandardMaterial3D_ryrav")

[node name="Bayle4" type="CSGBox3D" parent="Stack of Haybales" unique_id=1055247385]
transform = Transform3D(1, 0, 0, 0, 1, 0, 0, 0, 1, -39.5001, 1.6581383, 68.350914)
size = Vector3(1.9623718, 1.4536438, 1.790226)
material = SubResource("StandardMaterial3D_ryrav")

[node name="Bayle5" type="CSGBox3D" parent="Stack of Haybales" unique_id=1713105272]
transform = Transform3D(1, 0, 0, 0, 1, 0, 0, 0, 1, -39.419884, 1.6623497, 66.23938)
size = Vector3(1.7009125, 1.4620667, 1.790226)
material = SubResource("StandardMaterial3D_ryrav")

[node name="Stack of Haybales2" type="CSGCombiner3D" parent="." unique_id=345581928]
use_collision = true

[node name="Bayle1" type="CSGBox3D" parent="Stack of Haybales2" unique_id=1869628315]
transform = Transform3D(1, 0, 0, 0, 1, 0, 0, 0, 1, -54.112553, 1.6643028, -0.18074608)
size = Vector3(1.9623718, 1.4659729, 1.790226)
material = SubResource("StandardMaterial3D_ryrav")

[node name="Bayle2" type="CSGBox3D" parent="Stack of Haybales2" unique_id=1119333853]
transform = Transform3D(1, 0, 0, 0, 1, 0, 0, 0, 1, -54.884895, 3.0920038, -0.18074608)
size = Vector3(1.6253586, 1.4659729, 1.790226)
material = SubResource("StandardMaterial3D_ryrav")

[node name="Bayle3" type="CSGBox3D" parent="Stack of Haybales2" unique_id=1746745876]
transform = Transform3D(1, 0, 0, 0, 1, 0, 0, 0, 1, -55.53254, 1.6667442, -0.28138924)
size = Vector3(1.9623718, 1.4708557, 1.790226)
material = SubResource("StandardMaterial3D_ryrav")

[node name="Bayle4" type="CSGBox3D" parent="Stack of Haybales2" unique_id=1320099344]
transform = Transform3D(1, 0, 0, 0, 1, 0, 0, 0, 1, -54.75336, 1.6581383, 0.95531845)
size = Vector3(1.9623718, 1.4536438, 1.790226)
material = SubResource("StandardMaterial3D_ryrav")

[node name="Bayle5" type="CSGBox3D" parent="Stack of Haybales2" unique_id=154036906]
transform = Transform3D(1, 0, 0, 0, 1, 0, 0, 0, 1, -54.673145, 1.6623497, -1.1562119)
size = Vector3(1.7009125, 1.4620667, 1.790226)
material = SubResource("StandardMaterial3D_ryrav")

[node name="Stack of Haybales3" type="CSGCombiner3D" parent="." unique_id=552209288]
use_collision = true

[node name="Bayle1" type="CSGBox3D" parent="Stack of Haybales3" unique_id=1311690114]
transform = Transform3D(1, 0, 0, 0, 1, 0, 0, 0, 1, -23.962984, 1.6643028, -63.18341)
size = Vector3(1.9623718, 1.4659729, 1.790226)
material = SubResource("StandardMaterial3D_ryrav")

[node name="Bayle2" type="CSGBox3D" parent="Stack of Haybales3" unique_id=128865345]
transform = Transform3D(1, 0, 0, 0, 1, 0, 0, 0, 1, -24.735327, 3.0920038, -63.18341)
size = Vector3(1.6253586, 1.4659729, 1.790226)
material = SubResource("StandardMaterial3D_ryrav")

[node name="Bayle3" type="CSGBox3D" parent="Stack of Haybales3" unique_id=442368417]
transform = Transform3D(1, 0, 0, 0, 1, 0, 0, 0, 1, -25.38297, 1.6667442, -63.284058)
size = Vector3(1.9623718, 1.4708557, 1.790226)
material = SubResource("StandardMaterial3D_ryrav")

[node name="Bayle4" type="CSGBox3D" parent="Stack of Haybales3" unique_id=1855530115]
transform = Transform3D(1, 0, 0, 0, 1, 0, 0, 0, 1, -24.603792, 1.6581383, -62.047348)
size = Vector3(1.9623718, 1.4536438, 1.790226)
material = SubResource("StandardMaterial3D_ryrav")

[node name="Bayle5" type="CSGBox3D" parent="Stack of Haybales3" unique_id=259794034]
transform = Transform3D(1, 0, 0, 0, 1, 0, 0, 0, 1, -24.523577, 1.6623497, -64.158875)
size = Vector3(1.7009125, 1.4620667, 1.790226)
material = SubResource("StandardMaterial3D_ryrav")

[node name="Stack of Haybales4" type="CSGCombiner3D" parent="." unique_id=1890052846]
use_collision = true

[node name="Bayle1" type="CSGBox3D" parent="Stack of Haybales4" unique_id=934941786]
transform = Transform3D(1, 0, 0, 0, 1, 0, 0, 0, 1, 53.199303, 1.6643028, -8.432484)
size = Vector3(1.9623718, 1.4659729, 1.790226)
material = SubResource("StandardMaterial3D_ryrav")

[node name="Bayle2" type="CSGBox3D" parent="Stack of Haybales4" unique_id=553463269]
transform = Transform3D(1, 0, 0, 0, 1, 0, 0, 0, 1, 52.426956, 3.0920038, -8.432484)
size = Vector3(1.6253586, 1.4659729, 1.790226)
material = SubResource("StandardMaterial3D_ryrav")

[node name="Bayle3" type="CSGBox3D" parent="Stack of Haybales4" unique_id=469660947]
transform = Transform3D(1, 0, 0, 0, 1, 0, 0, 0, 1, 51.779312, 1.6667442, -8.533131)
size = Vector3(1.9623718, 1.4708557, 1.790226)
material = SubResource("StandardMaterial3D_ryrav")

[node name="Bayle4" type="CSGBox3D" parent="Stack of Haybales4" unique_id=1805500927]
transform = Transform3D(1, 0, 0, 0, 1, 0, 0, 0, 1, 52.558495, 1.6581383, -7.296421)
size = Vector3(1.9623718, 1.4536438, 1.790226)
material = SubResource("StandardMaterial3D_ryrav")

[node name="Bayle5" type="CSGBox3D" parent="Stack of Haybales4" unique_id=182215392]
transform = Transform3D(1, 0, 0, 0, 1, 0, 0, 0, 1, 52.63871, 1.6623497, -9.407948)
size = Vector3(1.7009125, 1.4620667, 1.790226)
material = SubResource("StandardMaterial3D_ryrav")

[node name="Stack of Haybales5" type="CSGCombiner3D" parent="." unique_id=660499760]
use_collision = true

[node name="Bayle1" type="CSGBox3D" parent="Stack of Haybales5" unique_id=1345580950]
transform = Transform3D(1, 0, 0, 0, 1, 0, 0, 0, 1, 46.8888, 1.6643028, 61.359993)
size = Vector3(1.9623718, 1.4659729, 1.790226)
material = SubResource("StandardMaterial3D_ryrav")

[node name="Bayle2" type="CSGBox3D" parent="Stack of Haybales5" unique_id=1600037282]
transform = Transform3D(1, 0, 0, 0, 1, 0, 0, 0, 1, 46.116455, 3.0920038, 61.359993)
size = Vector3(1.6253586, 1.4659729, 1.790226)
material = SubResource("StandardMaterial3D_ryrav")

[node name="Bayle3" type="CSGBox3D" parent="Stack of Haybales5" unique_id=15207607]
transform = Transform3D(1, 0, 0, 0, 1, 0, 0, 0, 1, 45.46881, 1.6667442, 61.259346)
size = Vector3(1.9623718, 1.4708557, 1.790226)
material = SubResource("StandardMaterial3D_ryrav")

[node name="Bayle4" type="CSGBox3D" parent="Stack of Haybales5" unique_id=459260477]
transform = Transform3D(1, 0, 0, 0, 1, 0, 0, 0, 1, 46.247993, 1.6581383, 62.496056)
size = Vector3(1.9623718, 1.4536438, 1.790226)
material = SubResource("StandardMaterial3D_ryrav")

[node name="Bayle5" type="CSGBox3D" parent="Stack of Haybales5" unique_id=1252174017]
transform = Transform3D(1, 0, 0, 0, 1, 0, 0, 0, 1, 46.32821, 1.6623497, 60.38453)
size = Vector3(1.7009125, 1.4620667, 1.790226)
material = SubResource("StandardMaterial3D_ryrav")

[node name="Building" type="CSGCombiner3D" parent="." unique_id=1865362300]
transform = Transform3D(1, 0, 0, 0, 1, 0, 0, 0, 1, 2.6578827, 1.4513102, 53.105873)
use_collision = true

[node name="Door" type="CSGBox3D" parent="Building" unique_id=214505918]
transform = Transform3D(1, 0, 0, 0, 1, 0, 0, 0, 1, 1.4466314, 1.1747308, -2.1306744)
size = Vector3(1.5928955, 3.305304, 0.11828613)
material = SubResource("StandardMaterial3D_hve3p")

[node name="Front Wall" type="CSGBox3D" parent="Building" unique_id=109572927]
transform = Transform3D(1, 0, 0, 0, 1, 0, 0, 0, 1, 0.35958266, 1.9471073, -1.6903286)
size = Vector3(5.7145157, 4.7641363, 0.9748688)
material = SubResource("StandardMaterial3D_mfdv2")

[node name="Back Wall" type="CSGBox3D" parent="Building" unique_id=2086744188]
transform = Transform3D(-1, 0, -8.742278e-08, 0, 1, 0, 8.742278e-08, 0, -1, 0.35958266, 1.9471073, 3.0877838)
size = Vector3(5.7145157, 4.7641363, 0.9748688)
material = SubResource("StandardMaterial3D_mfdv2")

[node name="Side Wall" type="CSGBox3D" parent="Building" unique_id=1543400138]
transform = Transform3D(-4.371139e-08, 0, 1, 0, 1, 0, -1, 0, -4.371139e-08, -2.0130672, 1.9471073, 0.6997986)
size = Vector3(5.7145157, 4.7641363, 0.9748688)
material = SubResource("StandardMaterial3D_mfdv2")

[node name="Side Wall2" type="CSGBox3D" parent="Building" unique_id=2002706060]
transform = Transform3D(-4.371139e-08, 0, -1, 0, 1, 0, 1, 0, -4.371139e-08, 2.7317479, 1.9471073, 0.6997986)
size = Vector3(5.7145157, 4.7641363, 0.9748688)
material = SubResource("StandardMaterial3D_mfdv2")

[node name="Roof" type="CSGBox3D" parent="Building" unique_id=1099511312]
transform = Transform3D(-4.371139e-08, -0.90630776, -0.4226182, 0, 0.4226182, -0.90630776, 1, -3.961597e-08, -1.8473228e-08, 2.0194485, 4.9613853, 0.71562195)
size = Vector3(6.063324, 3.4078522, 0.14919281)
material = SubResource("StandardMaterial3D_iotsf")

[node name="Roof2" type="CSGBox3D" parent="Building" unique_id=1039281343]
transform = Transform3D(-4.3711395e-08, 0.9063078, 0.42261827, 3.5527137e-15, 0.42261827, -0.9063078, -1, -3.9615966e-08, -1.8473227e-08, -1.0926101, 4.9199734, 0.71562195)
size = Vector3(6.063324, 3.6038284, 0.14919281)
material = SubResource("StandardMaterial3D_lc2xo")

[node name="RoofWall" type="CSGCylinder3D" parent="Building" unique_id=777603402]
transform = Transform3D(3.797924e-15, 4.3711395e-08, 7.4393773, 1.9877286, -4.3711395e-08, 0, 8.688638e-08, 1.0000002, -3.2518554e-07, 0.5108509, 4.7772555, -2.0959816)
radius = 0.41259766
height = 0.2800827
sides = 3
material = SubResource("StandardMaterial3D_vef74")

[node name="RoofWall2" type="CSGCylinder3D" parent="Building" unique_id=50561016]
transform = Transform3D(3.797924e-15, 4.3711395e-08, 7.4393773, 1.9877286, -4.3711395e-08, 0, 8.688638e-08, 1.0000002, -3.2518554e-07, 0.5108509, 4.7772555, 3.464386)
radius = 0.41259766
height = 0.2800827
sides = 3
material = SubResource("StandardMaterial3D_vef74")

[node name="Building2" type="CSGCombiner3D" parent="." unique_id=1874050155]
transform = Transform3D(0.505823, 0, -0.8626373, 0, 1, 0, 0.8626373, 0, 0.505823, -54.77581, 1.4513102, 30.256699)
use_collision = true

[node name="Door" type="CSGBox3D" parent="Building2" unique_id=1048742821]
transform = Transform3D(1, 0, 0, 0, 1, 0, 0, 0, 1, 1.4466314, 1.1747308, -2.1306744)
size = Vector3(1.5928955, 3.305304, 0.11828613)
material = SubResource("StandardMaterial3D_hve3p")

[node name="Front Wall" type="CSGBox3D" parent="Building2" unique_id=1296407834]
transform = Transform3D(1, 0, 0, 0, 1, 0, 0, 0, 1, 0.35958266, 1.9471073, -1.6903286)
size = Vector3(5.7145157, 4.7641363, 0.9748688)
material = SubResource("StandardMaterial3D_mfdv2")

[node name="Back Wall" type="CSGBox3D" parent="Building2" unique_id=641438992]
transform = Transform3D(-1, 0, -8.742278e-08, 0, 1, 0, 8.742278e-08, 0, -1, 0.35958266, 1.9471073, 3.0877838)
size = Vector3(5.7145157, 4.7641363, 0.9748688)
material = SubResource("StandardMaterial3D_mfdv2")

[node name="Side Wall" type="CSGBox3D" parent="Building2" unique_id=1724272582]
transform = Transform3D(-4.371139e-08, 0, 1, 0, 1, 0, -1, 0, -4.371139e-08, -2.0130672, 1.9471073, 0.6997986)
size = Vector3(5.7145157, 4.7641363, 0.9748688)
material = SubResource("StandardMaterial3D_mfdv2")

[node name="Side Wall2" type="CSGBox3D" parent="Building2" unique_id=816292183]
transform = Transform3D(-4.371139e-08, 0, -1, 0, 1, 0, 1, 0, -4.371139e-08, 2.7317479, 1.9471073, 0.6997986)
size = Vector3(5.7145157, 4.7641363, 0.9748688)
material = SubResource("StandardMaterial3D_mfdv2")

[node name="Roof" type="CSGBox3D" parent="Building2" unique_id=1242287243]
transform = Transform3D(-4.371139e-08, -0.90630776, -0.4226182, 0, 0.4226182, -0.90630776, 1, -3.961597e-08, -1.8473228e-08, 2.0194485, 4.9613853, 0.71562195)
size = Vector3(6.063324, 3.4078522, 0.14919281)
material = SubResource("StandardMaterial3D_iotsf")

[node name="Roof2" type="CSGBox3D" parent="Building2" unique_id=664589522]
transform = Transform3D(-4.3711395e-08, 0.9063078, 0.42261827, 3.5527137e-15, 0.42261827, -0.9063078, -1, -3.9615966e-08, -1.8473227e-08, -1.0926101, 4.9199734, 0.71562195)
size = Vector3(6.063324, 3.6038284, 0.14919281)
material = SubResource("StandardMaterial3D_lc2xo")

[node name="RoofWall" type="CSGCylinder3D" parent="Building2" unique_id=686194452]
transform = Transform3D(3.797924e-15, 4.3711395e-08, 7.4393773, 1.9877286, -4.3711395e-08, 0, 8.688638e-08, 1.0000002, -3.2518554e-07, 0.5108509, 4.7772555, -2.0959816)
radius = 0.41259766
height = 0.2800827
sides = 3
material = SubResource("StandardMaterial3D_vef74")

[node name="RoofWall2" type="CSGCylinder3D" parent="Building2" unique_id=1181839262]
transform = Transform3D(3.797924e-15, 4.3711395e-08, 7.4393773, 1.9877286, -4.3711395e-08, 0, 8.688638e-08, 1.0000002, -3.2518554e-07, 0.5108509, 4.7772555, 3.464386)
radius = 0.41259766
height = 0.2800827
sides = 3
material = SubResource("StandardMaterial3D_vef74")

[node name="Building3" type="CSGCombiner3D" parent="." unique_id=671874534]
transform = Transform3D(-0.8135375, 0, 0.5815126, 0, 1, 0, -0.5815126, 0, -0.8135375, 38.547726, 1.4513102, -76.79317)
use_collision = true

[node name="Door" type="CSGBox3D" parent="Building3" unique_id=1248249993]
transform = Transform3D(1, 0, 0, 0, 1, 0, 0, 0, 1, 1.4466314, 1.1747308, -2.1306744)
size = Vector3(1.5928955, 3.305304, 0.11828613)
material = SubResource("StandardMaterial3D_hve3p")

[node name="Front Wall" type="CSGBox3D" parent="Building3" unique_id=1394688843]
transform = Transform3D(1, 0, 0, 0, 1, 0, 0, 0, 1, 0.35958266, 1.9471073, -1.6903286)
size = Vector3(5.7145157, 4.7641363, 0.9748688)
material = SubResource("StandardMaterial3D_mfdv2")

[node name="Back Wall" type="CSGBox3D" parent="Building3" unique_id=24688642]
transform = Transform3D(-1, 0, -8.742278e-08, 0, 1, 0, 8.742278e-08, 0, -1, 0.35958266, 1.9471073, 3.0877838)
size = Vector3(5.7145157, 4.7641363, 0.9748688)
material = SubResource("StandardMaterial3D_mfdv2")

[node name="Side Wall" type="CSGBox3D" parent="Building3" unique_id=1905001493]
transform = Transform3D(-4.371139e-08, 0, 1, 0, 1, 0, -1, 0, -4.371139e-08, -2.0130672, 1.9471073, 0.6997986)
size = Vector3(5.7145157, 4.7641363, 0.9748688)
material = SubResource("StandardMaterial3D_mfdv2")

[node name="Side Wall2" type="CSGBox3D" parent="Building3" unique_id=682711664]
transform = Transform3D(-4.371139e-08, 0, -1, 0, 1, 0, 1, 0, -4.371139e-08, 2.7317479, 1.9471073, 0.6997986)
size = Vector3(5.7145157, 4.7641363, 0.9748688)
material = SubResource("StandardMaterial3D_mfdv2")

[node name="Roof" type="CSGBox3D" parent="Building3" unique_id=965935400]
transform = Transform3D(-4.371139e-08, -0.90630776, -0.4226182, 0, 0.4226182, -0.90630776, 1, -3.961597e-08, -1.8473228e-08, 2.0194485, 4.9613853, 0.71562195)
size = Vector3(6.063324, 3.4078522, 0.14919281)
material = SubResource("StandardMaterial3D_iotsf")

[node name="Roof2" type="CSGBox3D" parent="Building3" unique_id=1049101549]
transform = Transform3D(-4.3711395e-08, 0.9063078, 0.42261827, 3.5527137e-15, 0.42261827, -0.9063078, -1, -3.9615966e-08, -1.8473227e-08, -1.0926101, 4.9199734, 0.71562195)
size = Vector3(6.063324, 3.6038284, 0.14919281)
material = SubResource("StandardMaterial3D_lc2xo")

[node name="RoofWall" type="CSGCylinder3D" parent="Building3" unique_id=1361139931]
transform = Transform3D(3.797924e-15, 4.3711395e-08, 7.4393773, 1.9877286, -4.3711395e-08, 0, 8.688638e-08, 1.0000002, -3.2518554e-07, 0.5108509, 4.7772555, -2.0959816)
radius = 0.41259766
height = 0.2800827
sides = 3
material = SubResource("StandardMaterial3D_vef74")

[node name="RoofWall2" type="CSGCylinder3D" parent="Building3" unique_id=2007443354]
transform = Transform3D(3.797924e-15, 4.3711395e-08, 7.4393773, 1.9877286, -4.3711395e-08, 0, 8.688638e-08, 1.0000002, -3.2518554e-07, 0.5108509, 4.7772555, 3.464386)
radius = 0.41259766
height = 0.2800827
sides = 3
material = SubResource("StandardMaterial3D_vef74")

[node name="Building4" type="CSGCombiner3D" parent="." unique_id=459306001]
transform = Transform3D(0.01392737, 0, -0.9999031, 0, 1, 0, 0.9999031, 0, 0.01392737, -59.783325, 1.4513102, -47.101074)
use_collision = true

[node name="Door" type="CSGBox3D" parent="Building4" unique_id=1711962617]
transform = Transform3D(1, 0, 0, 0, 1, 0, 0, 0, 1, 1.4466314, 1.1747308, -2.1306744)
size = Vector3(1.5928955, 3.305304, 0.11828613)
material = SubResource("StandardMaterial3D_hve3p")

[node name="Front Wall" type="CSGBox3D" parent="Building4" unique_id=1134523574]
transform = Transform3D(1, 0, 0, 0, 1, 0, 0, 0, 1, 0.35958266, 1.9471073, -1.6903286)
size = Vector3(5.7145157, 4.7641363, 0.9748688)
material = SubResource("StandardMaterial3D_mfdv2")

[node name="Back Wall" type="CSGBox3D" parent="Building4" unique_id=725828196]
transform = Transform3D(-1, 0, -8.742278e-08, 0, 1, 0, 8.742278e-08, 0, -1, 0.35958266, 1.9471073, 3.0877838)
size = Vector3(5.7145157, 4.7641363, 0.9748688)
material = SubResource("StandardMaterial3D_mfdv2")

[node name="Side Wall" type="CSGBox3D" parent="Building4" unique_id=1358411085]
transform = Transform3D(-4.371139e-08, 0, 1, 0, 1, 0, -1, 0, -4.371139e-08, -2.0130672, 1.9471073, 0.6997986)
size = Vector3(5.7145157, 4.7641363, 0.9748688)
material = SubResource("StandardMaterial3D_mfdv2")

[node name="Side Wall2" type="CSGBox3D" parent="Building4" unique_id=647377984]
transform = Transform3D(-4.371139e-08, 0, -1, 0, 1, 0, 1, 0, -4.371139e-08, 2.7317479, 1.9471073, 0.6997986)
size = Vector3(5.7145157, 4.7641363, 0.9748688)
material = SubResource("StandardMaterial3D_mfdv2")

[node name="Roof" type="CSGBox3D" parent="Building4" unique_id=1380958649]
transform = Transform3D(-4.371139e-08, -0.90630776, -0.4226182, 0, 0.4226182, -0.90630776, 1, -3.961597e-08, -1.8473228e-08, 2.0194485, 4.9613853, 0.71562195)
size = Vector3(6.063324, 3.4078522, 0.14919281)
material = SubResource("StandardMaterial3D_iotsf")

[node name="Roof2" type="CSGBox3D" parent="Building4" unique_id=214852396]
transform = Transform3D(-4.3711395e-08, 0.9063078, 0.42261827, 3.5527137e-15, 0.42261827, -0.9063078, -1, -3.9615966e-08, -1.8473227e-08, -1.0926101, 4.9199734, 0.71562195)
size = Vector3(6.063324, 3.6038284, 0.14919281)
material = SubResource("StandardMaterial3D_lc2xo")

[node name="RoofWall" type="CSGCylinder3D" parent="Building4" unique_id=1194175802]
transform = Transform3D(3.797924e-15, 4.3711395e-08, 7.4393773, 1.9877286, -4.3711395e-08, 0, 8.688638e-08, 1.0000002, -3.2518554e-07, 0.5108509, 4.7772555, -2.0959816)
radius = 0.41259766
height = 0.2800827
sides = 3
material = SubResource("StandardMaterial3D_vef74")

[node name="RoofWall2" type="CSGCylinder3D" parent="Building4" unique_id=1377791279]
transform = Transform3D(3.797924e-15, 4.3711395e-08, 7.4393773, 1.9877286, -4.3711395e-08, 0, 8.688638e-08, 1.0000002, -3.2518554e-07, 0.5108509, 4.7772555, 3.464386)
radius = 0.41259766
height = 0.2800827
sides = 3
material = SubResource("StandardMaterial3D_vef74")

[connection signal="body_entered" from="Arena Border" to="Arena Border" method="_on_body_entered"]
[connection signal="body_exited" from="Arena Border" to="Arena Border" method="_on_body_exited"]
