[gd_scene format=3 uid="uid://wuoko27va4sv"]

[ext_resource type="Script" uid="uid://dfxx034f8q22l" path="res://title_screen.gd" id="1_v6p8y"]
[ext_resource type="PackedScene" uid="uid://24bxjki224ga" path="res://honse_jouster.tscn" id="2_ak2if"]
[ext_resource type="Script" path="res://sub_viewport_container.gd" id="2_ig5kc"]
[ext_resource type="AudioStream" uid="uid://duwaw8lsyedwj" path="res://Helios Rap Remix.mp3" id="4_05l2w"]

[sub_resource type="StandardMaterial3D" id="StandardMaterial3D_v6p8y"]
albedo_color = Color(0, 0, 0, 1)

[sub_resource type="ProceduralSkyMaterial" id="ProceduralSkyMaterial_ak2if"]
sky_horizon_color = Color(0.66224277, 0.6717428, 0.6867428, 1)
ground_horizon_color = Color(0.66224277, 0.6717428, 0.6867428, 1)

[sub_resource type="Sky" id="Sky_nm7lk"]
sky_material = SubResource("ProceduralSkyMaterial_ak2if")

[sub_resource type="Environment" id="Environment_ig5kc"]
background_mode = 2
sky = SubResource("Sky_nm7lk")
tonemap_mode = 2
glow_enabled = true

[node name="TitleScreen" type="Control" unique_id=961368059]
layout_mode = 3
anchors_preset = 15
anchor_right = 1.0
anchor_bottom = 1.0
grow_horizontal = 2
grow_vertical = 2
script = ExtResource("1_v6p8y")

[node name="ColorRect" type="ColorRect" parent="." unique_id=2075904323]
layout_mode = 1
anchors_preset = 15
anchor_right = 1.0
anchor_bottom = 1.0
grow_horizontal = 2
grow_vertical = 2
color = Color(0, 0, 0, 1)

[node name="Title" type="Label" parent="." unique_id=347968920]
layout_mode = 1
anchors_preset = 5
anchor_left = 0.5
anchor_right = 0.5
offset_left = -98.260864
offset_right = 101.739136
offset_bottom = 135.0
grow_horizontal = 2
text = "Umamusume 2"
horizontal_alignment = 1
vertical_alignment = 2

[node name="VBoxContainer" type="VBoxContainer" parent="." unique_id=1251207279]
layout_mode = 1
anchors_preset = 8
anchor_left = 0.5
anchor_top = 0.5
anchor_right = 0.5
anchor_bottom = 0.5
offset_left = -138.0
offset_top = -97.0
offset_right = 138.0
offset_bottom = 98.0
grow_horizontal = 2
grow_vertical = 2

[node name="Play Button" type="Button" parent="VBoxContainer" unique_id=2095710754]
layout_mode = 2
text = "PLAY"

[node name="Credits Button" type="Button" parent="VBoxContainer" unique_id=1974927017]
layout_mode = 2
text = "CREDITS"

[node name="Quit Button" type="Button" parent="VBoxContainer" unique_id=848350482]
layout_mode = 2
text = "QUIT"

[node name="SubViewportContainer" type="SubViewportContainer" parent="." unique_id=138405828]
layout_mode = 1
anchors_preset = 4
anchor_top = 0.5
anchor_bottom = 0.5
offset_left = 45.0
offset_top = -187.0
offset_right = 557.0
offset_bottom = 325.0
grow_vertical = 2
scale = Vector2(0.73612666, 0.73612666)
script = ExtResource("2_ig5kc")

[node name="SubViewport" type="SubViewport" parent="SubViewportContainer" unique_id=360285952]
handle_input_locally = false
render_target_update_mode = 4

[node name="Background" type="CSGBox3D" parent="SubViewportContainer/SubViewport" unique_id=848074599]
transform = Transform3D(1, 0, 0, 0, 1, 0, 0, 0, 1, -3.4029932, -5.2265005, 0.6775284)
size = Vector3(1, 26.448679, 30.22667)
material = SubResource("StandardMaterial3D_v6p8y")

[node name="Camera3D" type="Camera3D" parent="SubViewportContainer/SubViewport" unique_id=488929539]
transform = Transform3D(0.030481445, -0.100511216, 0.9944689, -0.0047542285, 0.9949054, 0.10070106, -0.99952406, -0.007797446, 0.0298483, 6.0180717, 0.78288376, -1.619692)

[node name="WorldEnvironment" type="WorldEnvironment" parent="SubViewportContainer/SubViewport" unique_id=890537814]
environment = SubResource("Environment_ig5kc")

[node name="DirectionalLight3D" type="DirectionalLight3D" parent="SubViewportContainer/SubViewport" unique_id=228752492]
transform = Transform3D(-0.95797795, 0.24841264, -0.14342107, 2.861933e-08, 0.49999997, 0.86602545, 0.28684223, 0.82963324, -0.47898895, 0, 0, 0)
shadow_enabled = true

[node name="honse jouster" parent="SubViewportContainer/SubViewport" unique_id=2064561408 instance=ExtResource("2_ak2if")]
transform = Transform3D(-1, 0, -8.742278e-08, 0, 1, 0, 8.742278e-08, 0, -1, 0, 0, -1.4011575)

[node name="SubViewportContainer2" type="SubViewportContainer" parent="." unique_id=1972953117]
layout_mode = 1
anchors_preset = 6
anchor_left = 1.0
anchor_top = 0.5
anchor_right = 1.0
anchor_bottom = 0.5
offset_left = -417.0
offset_top = -189.0
offset_right = 95.0
offset_bottom = 323.0
grow_horizontal = 0
grow_vertical = 2
scale = Vector2(0.73612666, 0.73612666)
script = ExtResource("2_ig5kc")

[node name="SubViewport" type="SubViewport" parent="SubViewportContainer2" unique_id=1749760250]
handle_input_locally = false
render_target_update_mode = 4

[node name="Background" type="CSGBox3D" parent="SubViewportContainer2/SubViewport" unique_id=135088916]
transform = Transform3D(1, 0, 0, 0, 1, 0, 0, 0, 1, -3.4029932, -5.2265005, 0.6775284)
size = Vector3(1, 26.448679, 30.22667)
material = SubResource("StandardMaterial3D_v6p8y")

[node name="Camera3D" type="Camera3D" parent="SubViewportContainer2/SubViewport" unique_id=822323721]
transform = Transform3D(0.030481445, -0.100511216, 0.9944689, -0.0047542285, 0.9949054, 0.10070106, -0.99952406, -0.007797446, 0.0298483, 6.0180717, 0.78288376, -1.619692)

[node name="WorldEnvironment" type="WorldEnvironment" parent="SubViewportContainer2/SubViewport" unique_id=377223414]
environment = SubResource("Environment_ig5kc")

[node name="DirectionalLight3D" type="DirectionalLight3D" parent="SubViewportContainer2/SubViewport" unique_id=541752733]
transform = Transform3D(-0.95797795, 0.24841264, -0.14342107, 2.861933e-08, 0.49999997, 0.86602545, 0.28684223, 0.82963324, -0.47898895, 0, 0, 0)
shadow_enabled = true

[node name="honse jouster" parent="SubViewportContainer2/SubViewport" unique_id=1270019260 instance=ExtResource("2_ak2if")]
transform = Transform3D(-1, 0, -1.509958e-07, 0, 1, 0, 1.509958e-07, 0, -1, 0, 0, -1.4011575)

[node name="Main Menu Music" type="AudioStreamPlayer" parent="." unique_id=156885339]
stream = ExtResource("4_05l2w")
autoplay = true

[node name="Sprite2D" type="Sprite2D" parent="." unique_id=1768425]

[connection signal="pressed" from="VBoxContainer/Play Button" to="." method="_on_play_button_pressed"]
[connection signal="pressed" from="VBoxContainer/Credits Button" to="." method="_on_credits_button_pressed"]
[connection signal="pressed" from="VBoxContainer/Quit Button" to="." method="_on_quit_button_pressed"]
